20.598 0 0
21.078 0 0
20.727 0 0
26.797 0 0
21.128 0 0
27.111 0 0
25.361 0 0
19.831 0 0
25.070 0 0
18.984 0 0
21.330 0 0
23.765 0 0
22.118 0 1
23.432 0 0
23.591 0 0
24.599 0 0
20.519 0 0
17.143 0 0
22.101 0 0
22.317 0 0
23.122 0 0
21.570 0 0
20.561 0 0
21.804 0 0
27.572 0 0
25.339 0 0
19.025 0 0
22.887 0 0
22.107 0 0
18.235 0 0
20.277 0 0
19.654 0 0
22.745 0 0
18.734 0 0
21.120 0 0
24.100 0 0
22.028 0 0
21.443 0 0
23.065 0 0
25.788 0 0
24.404 0 0
20.768 0 0
23.109 0 1
17.739 0 0
20.019 1 0
18.776 0 0
19.181 0 0
21.032 0 0
21.519 0 0
19.504 0 0
22.514 0 0
24.199 0 0
17.731 0 0
21.576 0 0
19.547 0 0
18.112 0 0
19.942 0 0
22.991 0 0
18.654 0 0
23.666 0 0
26.074 0 0
20.115 0 0
19.127 0 0
24.166 0 1
17.762 0 0
18.306 0 0
18.858 0 0
16.053 0 0
14.482 0 0
25.927 0 0
24.513 0 0
20.551 0 0
20.521 0 0
21.203 0 0
15.195 0 0
17.509 0 0
21.313 0 0
22.217 0 0
18.633 0 0
21.644 0 0
20.452 0 0
23.432 0 0
20.202 0 0
20.083 0 0
17.978 0 0
16.407 0 0
23.598 0 0
13.836 0 0
21.276 0 0
20.447 0 0
20.397 0 0
22.262 0 0
16.841 0 0
23.801 0 0
16.513 0 0
24.820 0 0
15.403 1 0
25.296 0 0
22.744 0 0
23.108 0 0
21.624 0 0
23.413 0 0
22.662 0 0
20.948 0 0
21.246 0 0
20.520 0 0
16.960 0 0
17.611 0 0
19.232 0 0
21.118 0 0
21.190 0 0
20.338 0 0
19.087 0 0
22.855 1 0
21.153 0 0
22.295 0 0
22.039 0 0
20.015 0 0
19.097 0 0
21.271 0 0
19.321 0 0
18.632 0 0
21.705 0 0
19.938 0 0
21.425 0 0
19.426 0 0
19.927 0 0
18.013 0 0
20.222 0 1
22.342 0 0
20.514 0 0
17.330 0 0
17.972 0 0
19.815 0 0
19.059 0 0
26.390 0 0
19.411 0 0
20.940 0 0
18.308 0 0
22.270 0 0
16.251 0 0
18.922 0 0
19.583 0 0
19.474 1 0
19.314 0 0
15.976 0 0
21.963 0 0
21.729 0 0
18.780 0 0
17.603 1 0
18.618 0 0
20.495 0 0
16.437 0 0
25.093 0 0
17.447 0 0
19.567 0 0
21.569 0 0
19.120 0 0
21.054 0 0
16.601 0 0
14.694 0 0
16.262 0 0
24.205 0 0
19.777 0 0
20.726 0 0
20.071 0 0
17.470 1 0
18.905 0 0
22.007 0 0
16.218 1 0
17.659 0 0
18.289 0 0
24.662 0 0
18.334 0 0
22.747 0 0
18.536 0 0
20.523 0 0
19.323 0 0
15.149 0 0
18.975 0 0
15.862 0 0
21.126 0 0
17.788 0 0
16.730 0 0
16.203 0 0
20.583 0 0
17.378 0 0
21.227 0 0
20.036 0 0
19.623 0 0
19.239 0 0
17.767 0 0
19.164 1 0
16.565 0 0
20.214 0 0
15.628 0 0
18.658 1 0
15.345 0 0
20.245 0 0
19.763 0 0
17.996 0 0
24.087 0 0
16.745 0 0
16.626 0 0
16.615 0 0
21.778 0 0
20.003 0 0
21.484 0 0
18.855 0 0
17.583 0 0
20.350 0 0
22.554 0 0
21.831 0 0
18.862 0 0
19.733 0 0
20.591 0 0
17.564 1 0
18.457 0 0
16.919 0 0
19.219 0 0
18.650 0 0
19.813 0 0
22.655 0 0
23.519 0 0
19.315 0 0
19.358 0 1
17.602 0 0
18.119 0 0
15.482 0 0
20.200 0 0
20.097 0 0
22.956 0 0
16.007 0 0
17.200 0 0
18.010 0 0
24.146 0 0
18.807 0 0
21.811 0 0
15.520 0 0
21.286 0 0
19.597 0 0
18.309 0 0
18.223 0 0
16.075 0 0
20.480 0 0
17.714 0 0
24.008 0 0
19.840 0 0
19.645 0 0
19.629 0 0
21.860 0 0
25.903 0 0
17.891 0 0
14.951 0 0
14.443 0 0
17.348 0 0
